54027
30731
47809
61085
78465
104568
104847
127731
24672
59532
49267
81142
143237
117017
29087
48622
106389
56246
4962
113269
61209
107519
142470
20994
35911
132201
73770
144009
95050
72691
107395
4050
115825
44486
129537
83296
26686
94879
61815
117314
85345
93296
107611
4546
47298
43010
26646
72496
144267
127075
8559
42366
26966
26323
23326
41176
114922
52390
60157
48400
11836
76566
129993
132312
123574
57049
135000
117043
94112
33064
104223
82938
29507
46525
147384
109446
52391
119715
65329
130996
144056
5397
7655
58009
77413
86155
41458
120645
69201
85823
33921
41416
34296
103252
134964
20717
104823
65607
12339
15949
39030
72615
140072
42628
11604
98311
102416
45226
105173
62753
97725
7046
137640
57410
132404
66541
13090
17051
36888
56879
65520
36940
99419
100111
121803
60052
36253
118216
90528
24760
88276
38429
97700
108759
142978
45828
74251
118080
69911
104420
103316
1458
119821
127885
98197
66947
120457
124256
144818
101767
16252
23653
92516
128583
122065
57179
107619
23327
105464
19739
28753
16239
15861
82900
5239
16245
97802
35468
3408
55232
133226
110444
150152
102430
42694
87994
20386
6690
45960
72894
102553
96494
101412
113024
17772
139185
36396
99733
27872
148507
61956
2264
114975
31961
123948
123999
30805
86877
54425
7638
69835
113602
104690
34454
72911
136733
94015
2321
130170
117787
148494
114144
127045
115464
59740
30635
122948
63739
71295
5081
41516
145860
84912
110508
117112
104520
20903
144901
89419
4824
121272
66449
138840
93436
53515
99991
126629
150437
34475
138332
150319
18777
31883
135908
144682
107368
46652
119515
150815
87470
140460
19791
78997
110795
79862
123451
92447
88370
12614
105873
64667
122785
1504
67495
109079
125518
89098
149159
113614
52176
352
19713
112630
68824
36631
132971
2710
28996
51334
137293
37803
47351
112911
118966
103981
90018
12510
12052
113916
99335
98760
79407
111437
55031
17182
107167
135542
114481
10462
53761
123857
72384
48746
91238
21453
139721
59114
133893
31204
105118
95716
81816
84080
64217
11796
114425
35978
142976
12220
61702
41196
136156
135906
49416
43028
60032
25234
79647
63602
36132
124489
36573
74388
43822
39162
101760
41306
81438
142614
112388
86630
41663
41163
24010
35489
47560
115349
40908
76901
79372
29784
9245
20985
20580
68111
70908
31514
126843
34008
46608
66247
88861
118913
122371
29843
139716
87057
27765
10638
73876
103600
20341
75414
97126
24148
90493
12192
90979
129709
25420
136237
89091
132978
17200
124385
61620
115338
111900
76806
84887
68045
20398
127975
138542
23405
52519
62013
84889
101007
82264
40347
5583
27471
38958
111204
143528
134081
84702
87577
93609
57293
23511
127626
983
144961
64508
62391
101144
143018
16712
29466
11946
67446
134272
142569
93049
31440
137130
66133
33073
67969
43216
101288
342
56188
5751
60673
110409
107639
147628
9959
49702
21905
128053
107983
56938
64789
116820
92433
55179
125948
24120
46308
19974
126217
132956
5343
65720
15363
49625
29488
68152
136930
54042
94233
74719
62580
90220
91873
31580
79106
85252
117914
87868
43021
140924
26153
149506
45962
61041
15958
114358
78750
40563
137956
101912
49161
120315
3019
125792
129548
10618
49088
130839
6337
55527
88291
39957
132210
65663
112757
15098
59637
130339
34001
128155
129282
56259
14849
52216
10560
14345
131629
86418
44428
60226
100621
55779
62863
59028
94626
43006
11203
64153
69183
47661
22175
123379
140991
87597
139680
31252
79757
1066
140523
89817
52069
54435
100982
123078
130524
35733
13853
129371
135527
59558
94847
124195
31138
142768
30102
41645
12023
28040
58845
93233
133710
43310
69203
68430
109862
89414
64657
50644
140952
106138
14563
69401
11574
10171
109449
29284
3177
3479
4350
118582
120467
146663
46794
96267
21614
89231
84630
5482
52760
34512
86249
44734
149868
127510
135594
6984
46364
147363
27814
86984
23876
72138
20184
146444
118322
72029
90152
91203
92629
108218
77834
125850
143496
27900
108725
20694
34763
88214
74367
61346
62425
59435
136396
29535
151145
100650
74067
26778
147518
87997
126253
86819
88348
103986
84050
106965
6052
26850
75106
39653
52445
1583
52213
103500
36705
67907
80503
56427
109571
39482
126678
103394
99510
108053
65457
125451
21183
70170
119976
118133
20084
15454
37888
77437
117277
107060
11949
24305
134488
69703
6891
88824
2814
147526
29434
9952
133551
31506
64043
10053
38482
13407
69581
132340
78868
119127
30145
61444
115966
93199
66546
93833
128771
24821
115793
135071
91798
56655
4407
88367
51843
115279
3229
150854
75614
16935
79359
151491
97683
11174
87260
137893
138754
134845
43729
67873
65580
69670
74766
105412
35507
89181
35137
27935
109783
135303
44504
1714
68325
93134
30199
137504
86564
59213
94313
16580
77651
30829
124616
9261
4847
137096
139265
30401
17538
135061
82004
91025
134336
6599
87938
50879
104401
118761
117358
99763
19892
64563
84584
142011
41741
36315
125621
12694
117325
16372
38969
56277
135847
35001
68490
147226
80197
42141
91919
146302
11811
73935
31964
127153
148638
65020
55044
85120
104572
124812
137275
87052
5430
41078
79169
92135
63961
101529
93082
150047
11086
18593
118344
145215
88339
69043
51480
148873
142862
82355
68835
29607
135872
37927
71094
24173
55922
146119
35448
80371
53190
150398
152265
15870
39948
9446
83687
84047
96082
131963
124635
3133
17026
50017
135415
125043
138400
137078
16992
55642
107437
29549
134413
57292
55863
65913
88464
27696
79130
42857
62287
44079
91290
24259
101310
40340
82318
115795
6179
27056
6649
35289
131327
148164
15124
80316
98139
95101
29702
36991
56325
13195
45775
128877
47978
114878
138484
24168
83656
38562
124716
35851
73923
4425
34287
11296
121634
110760
90897
9295
102687
122111
112362
95679
141022
30974
28125
18146
128996
72852
8581
129672
38406
82249
111832
136816
110046
17118
148525
29079
6945
77668
59414
31478
151893
70271
3769
33769
84632
41851
20302
81814
93497
107877
32025
32654
106153
114624
145000
138640
92920
140305
13131
48564
43247
142709
143771
92373
144702
105569
86748
29501
150835
112326
136931
59832
34271
87434
6450
126222
44974
132908
122229
140470
53538
108638
37311
112176
131739
28971
31259
6291
151441
119676
77447
56211
144960
136504
26861
8203
4319
108699
38475
110165
78590
58332
78628
79389
70181
2665
112341
115724
76385
121348
141826
120145
63464
79596
146141
143658
146707
86760
106001
16903
85673
122142
63036
45442
146630
23738
82936
8851
131762
144795
70752
28651
32237
52951
63465
96683
79474
104998
137538
97278
19204
140095
87110
21824
72046
123425
16934
19329
146588
122791
51562
75240
2560
117028
124969
37488
32054
100755
48685
146105
1802
95302
105426
25561
53976
10253
27093
117012
61552
135976
126343
96180
11208
70979
114180
144906
9168
98327
401
116438
71798
87220
102686
30146
58024
34624
57701
39025
131648
138731
79502
146343
64976
117373
71829
51420
115457
910
12016
135884
84365
91074
48693
147130
123220
42882
64133
34379
33137
22783
134705
13015
126553
111178
24584
120602
131553
53098
24799
6814
134665
51229
92170
109804
77860
62833
90103
6997
147023
103310
131228
14458
29913
45343
49410
28990
104204
111938
116813
151257
48449
3580
31896
117089
51760
30356
17901
69617
73886
14727
124714
142463
100791
114821
52819
151759
2519
70225
63791
131111
13979
32002
101579
17366
35152
19367
122521
73720
25904
63066
25091
6459
64403
33701
28136
1951
17826
97660
37259
150942
119640
45957
5328
5319
83282
40299
22094
141877
45364
47820
82699
102401
59811
152071
67326
53368
18495
17298
20038
46806
105233
51389
34461
53249
4423
29650
48118
10938
1654
75207
32573
140820
98301
137155
76201
55248
92140
43466
15048
86557
7771
8215
86839
60848
116941
31621
38187
92963
123085
147825
106064
137915
137833
129411
73357
75014
59204
30262
144489
16632
92923
127735
148522
122306
1765
98181
119126
85631
71048
37428
140641
109004
28722
15059
147002
138868
55543
95622
119920
66689
106748
99465
120922
141638
37142
11440
87992
63676
50356
100022
80651
3410
102419
68285
118329
133108
56112
4805
133806
81475
127659
145698
54343
67557
59570
9846
104160
67937
42729
152026
149751
4468
102964
25180
131584
44823
149860
84031
130104
32353
32874
9798
75757
138118
27134
105477
100178
8708
134925
150477
128733
65448
57893
10887
65905
54247
129907
47140
88746
94531
116940
110376
84378
34597
141313
33348
70480
30475
134094
19567
76810
65522
148129
74853
30919
63186
78237
114794
81574
114500
58403
57296
104338
26470
90401
63892
22606
126813
139730
27632
27950
116074
53160
133105
77773
125677
91770
115385
115850
76075
30423
30735
81532
44753
150460
107641
62298
71928
109370
3322
63414
67035
40293
27064
10113
44282
49049
141161
125425
50875
92593
39264
58530
137622
95000
130644
68406
230
1946
110003
87691
39188
106822
52608
24468
13440
90734
234
151669
2271
82937
3411
14456
124061
56770
49932
107330
27168
79264
138058
53625
18606
90444
7676
117107
149448
120957
152094
42687
11893
15420
128148
23800
72552
42591
145703
39756
49533
120482
32152
47467
95305
54362
70166
37420
115631
44653
63139
36884
49450
23797
151906
13822
80568
105715
118958
133474
21916
55743
48810
93197
147563
132374
132345
86224
10508
34899
140561
54488
14979
118577
31293
98690
63018
67681
124310
116543
99876
102218
79863
96540
113445
87168
49993
105930
97117
108850
66551
115459
92456
124562
51651
77732
45534
150936
123316
149271
3813
61683
127600
113396
13811
123518
29767
23265
33036
65061
141674
18850
3210
120334
61866
118662
87284
150621
40155
71353
98546
2878
25392
39878
16867
64889
72158
56591
139563
81755
3957
67423
118565
51417
130579
78813
13508
132732
114189
112503
6637
16301
11150
13925
16265
89135
79456
85053
118039
50741
40912
117921
37784
67491
104631
84755
140129
90257
92679
2020
76668
95958
38964
91083
6265
75069
78703
110306
42863
30432
840
46
17536
121010
127989
4032
66185
46847
78377
105427
114225
57091
144556
30301
26171
70379
40611
71500
122839
88001
124245
117699
62767
17000
113662
88350
64039
11394
95032
82210
9684
27326
107016
43797
86978
55063
64589
80531
102725
4108
6724
69932
53618
58577
74527
41079
111951
109203
117247
110774
137179
105699
2187
83030
21273
109732
134544
17220
71479
45080
68157
139897
8586
75647
26674
40938
79685
6593
58017
5944
144552
114831
133969
5698
106081
88441
50950
94562
85204
125601
122862
100284
143811
148766
43924
64175
92210
115666
86965
1921
147214
52555
136571
109752
22759
15937
41951
54754
36872
67416
29328
151083
139777
94757
23081
72997
12034
42952
127719
125823
148313
16100
89593
36237
13239
131893
128718
62806
146112
118306
67170
8296
36526
61014
122068
57682
86775
144592
130980
9964
90678
13533
107473
75445
12930
70932
25981
81113
54937
124715
122095
55226
116811
116501
4817
38881
118650
139295
116955
129915
86255
33088
86297
148173
95697
80330
123540
85001
51327
137942
23759
131328
145620
53136
45839
152301
37988
119115
144139
84871
96297
33363
147268
71037
27526
115932
150354
139734
45603
97050
67845
62816
44276
17798
75258
77628
138345
62957
46004
34347
14437
92749
91881
77338
42276
142867
118804
116020
134430
47066
77766
34911
118827
126444
54731
59525
88236
28484
31390
16788
58384
17673
32878
58062
66892
62172
70913
96503
96901
60419
100002
6611
90710
129832
20733
95400
143453
128279
91634
115108
31693
56805
27301
108495
67246
79989
146765
99719
142264
111914
27067
92395
17074
13432
128704
95465
53088
18174
70571
96663
2472
32478
18196
111658
120715
146452
101476
59493
55822
104118
135194
131447
68612
51701
150715
6447
7176
87216
123575
14248
70088
84075
140702
138505
37166
104096
27849
46683
79696
127847
111703
53109
113072
80581
127592
41410
43219
72638
21507
62697
114382
104376
70609
109910
85147
31439
39411
67644
30616
113703
93663
60115
52923
48446
139688
14433
47395
60590
103006
62127
42187
123907
41627
99162
64002
143495
74136
70358
150771
33488
70902
102997
32721
54585
126940
139018
142504
58822
2045
62196
20962
145327
52518
47454
66710
97827
61432
58502
128378
80543
130171
32546
130198
4961
45079
150260
74823
17237
142239
49000
113752
78639
47384
89907
124321
125955
9360
15272
24553
104557
53265
12173
30590
65651
110710
77187
19932
17380
44259
22557
92090
88601
82579
84069
110543
7761
128623
5212
72417
110697
95381
68503
44854
119909
74279
80091
34865
28100
79768
120312
149621
108299
34797
20430
135192
109710
130898
59708
71391
41028
27220
56156
92410
39260
44487
93696
3464
125074
149449
61632
61946
96085
122457
93030
108675
132616
58817
121793
13744
119204
27400
148843
28281
87449
31419
85646
61087
60346
128706
13855
33005
31285
64958
112504
47259
124605
145990
75682
32954
20970
74253
142047
112711
49865
26884
130135
1378
15830
73137
76863
18820
73480
44080
38961
27278
40621
17585
70592
110115
136796
120237
21313
103874
1059
22808
27373
80633
129882
152175
2739
106421
9678
90813
131370
101431
27054
128337
78278
34775
866
83181
93602
57776
149260
39997
69069
6044
57836
72805
115360
108203
87610
136450
350
24752
11285
114249
86952
8471
142430
12296
33506
150723
81775
19987
93846
126364
420
108933
66601
121420
89696
136867
54496
118712
105649
38707
52565
93906
96452
93474
7319
17069
80804
85936
112752
64597
82142
20764
101882
91115
140462
7243
10060
26700
127886
135941
82680
81676
149673
89617
99845
24548
101032
121351
110836
59563
38074
102114
43571
146065
79726
79528
18461
36334
35721
51945
38984
71496
94055
89778
53471
59505
43155
132123
9738
69849
78023
17196
11650
15396
104424
100718
24479
152360
122542
58201
145876
4757
85668
123478
112215
77557
64978
90267
61396
12037
28224
40984
89128
51919
50566
4152
48357
70360
32558
6824
36234
7255
98005
107966
113576
3384
115760
37548
134028
137860
48054
126966
94183
90411
62110
29839
150178
58939
37791
10744
88509
129486
132424
100706
150275
18094
142811
124582
43823
143012
151264
110916
75055
29193
22820
79882
148214
65044
121232
143328
152357
23092
54196
58006
71507
85807
69649
133472
139895
146440
126055
98649
21851
9929
6174
56835
45450
47724
26709
129380
51696
114076
7477
106314
74228
79061
105370
12754
47247
14931
98586
57501
69458
17953
20403
129823
42959
19641
440
125568
88633
98210
142877
117960
15888
122488
60904
57500
74740
30248
130677
148187
110912
22370
28858
3511
83121
91609
9462
116488
8279
51405
125434
136858
33053
74109
13245
17604
63475
26141
125006
25607
9233
112403
57777
61867
140872
114330
4428
125612
146575
88518
15874
68047
89321
35416
151387
83370
18188
45333
115395
67539
84455
110499
39218
97716
64903
19752
47894
137105
82559
147773
126526
35211
10005
131972
53567
128269
97568
125439
19472
89583
15828
41720
37919
124544
71323
136632
100825
152281
6867
115142
44471
96974
78793
28917
86154
93719
128955
4480
141510
84016
85418
49964
143250
69644
101441
28277
12120
84223
114296
34959
127637
98067
88103
140628
34182
94745
31793
115920
147290
70308
8613
108090
44478
8409
139279
69431
143699
150893
118768
56921
121578
86565
152048
148866
102667
128917
148066
19364
65425
134122
47394
1164
40499
133573
122992
3257
12543
63206
74959
91241
88476
130419
101109
21556
2432
101933
20835
35046
34588
12041
21693
49555
60055
102234
107590
99911
50120
116112
62332
127260
120175
70690
42736
57389
134270
79154
47300
116118
2025
42776
24448
7281
50807
19671
58385
54137
15912
138820
95735
123484
4362
117571
78891
86660
92462
150201
53297
4539
14704
10258
90849
8336
107269
72326
68046
130052
67402
7279
34062
54038
53667
80653
35434
138312
96171
2293
96304
14024
9481
117743
81375
3340
1266
114727
667
18635
59333
70211
41477
57788
129290
6514
34165
41092
93501
39770
12294
69340
132388
28489
68080
148581
16010
113927
59178
73660
24348
68742
145560
95971
122553
143442
55361
120537
60350
14571
101467
28701
64981
12661
84765
26973
146198
113491
148530
16401
43189
137635
21652
46021
10872
84671
47460
9227
114742
112542
80579
26906
1638
113701
106225
123217
46701
29269
134288
62695
8480
22218
68699
93860
30725
118482
117990
103674
98857
133568
146001
17587
150506
89086
3841
15416
41988
57790
148727
110392
148582
7013
28480
37829
39610
110105
64715
92047
57460
129063
84684
47138
66867
95891
34901
138442
43702
54781
131261
124920
127406
109046
105577
109062
59472
62969
60451
124404
148211
26567
59471
145157
104978
73491
128970
88288
83666
147163
9136
77068
144103
15538
143190
123062
100589
130435
75008
523
45139
68847
91321
89367
3444
20539
140112
133588
135439
65584
141263
5572
116804
95112
146321
47919
95532
41419
96933
143866
126635
92184
123158
87566
60650
36179
9430
116943
127444
132448
197
122983
71628
10070
52959
38978
94234
125726
41272
126459
719
1582
27407
33779
38716
32833
32819
61957
105942
72381
68768
40331
53699
26368
127980
32422
74166
138800
47008
27091
24086
19190
82849
124792
99528
24661
120121
143567
9486
4556
89196
140688
82563
47969
140180
37514
38789
145697
11428
50546
58812
37837
18009
63322
140411
65518
94309
20160
124399
150250
108941
52305
82357
107876
45411
21782
34055
44833
108213
57975
58639
19518
59450
51846
57688
19443
33950
34298
151018
27891
121038
83780
48121
53953
124151
6048
41417
55472
59789
90611
16256
141606
151746
141389
128690
20174
4434
2419
82311
4831
107204
77549
104341
46836
11207
93892
52043
79038
146995
31295
58008
106967
92868
2008
7671
74176
127352
18088
34807
23895
80263
136172
110625
95857
55852
132915
69528
124300
59316
89757
82382
127537
128324
119257
118754
107431
78272
54367
129439
109637
90194
104786
85192
73304
81094
129239
7157
97822
10753
63774
29374
17450
98431
38551
114244
109801
110453
6547
142804
138478
80687
54080
10327
120017
148027
101321
46272
55092
44318
147550
122559
84390
139889
117931
146071
99423
90788
59486
151672
70856
87545
32685
54793
99476
142228
4813
15322
103098
50822
66536
147723
148236
29352
111913
18790
136161
7992
20592
122342
82228
123747
148906
39848
36043
45308
16197
103732
87115
51823
52822
61850
92835
135352
13348
45118
12967
90289
111282
99754
78791
79170
11853
39436
7720
96541
8530
136934
34605
70443
100068
14837
137911
8231
136623
123009
98025
5285
99238
24310
69966
146998
75661
85488
110570
130099
8149
110616
79067
53629
130528
27546
48062
88248
17321
35853
138756
65315
49132
81148
103250
42278
3205
51927
39171
57093
130459
10959
3055
5186
29237
117855
65364
150200
91510
44023
100577
50767
132172
90342
6928
61581
67727
40156
27756
83207
108676
60430
134523
2522
145730
116903
16400
41946
59067
132117
84658
136643
41189
73349
48793
111761
40109
488
128010
28012
44129
117902
120218
145103
90837
93996
79066
58579
54824
20584
104261
11950
11173
97934
32231
31408
5138
140504
82988
116314
13826
77045
121735
97627
86881
100653
58769
82793
23818
139243
101675
76923
25608
71740
61185
111518
171
54084
56342
61038
19742
121887
136999
122472
99502
71762
11951
72654
132439
9442
38547
31897
28372
35514
79674
129734
123187
125016
88998
115424
1528
147218
37374
41086
8920
99635
151653
145922
58116
82941
15682
50413
112947
113318
84739
34659
119482
41606
103839
87436
134026
108981
129348
65308
84678
115003
50793
132099
98981
5292
9816
59440
128103
67637
43690
35793
41880
32487
112646
93695
90372
90845
24246
80850
124456
34269
117228
73711
96618
29923
18747
101085
44485
14809
136967
21950
35617
42126
91674
40925
151417
79960
85150
61236
113897
91501
44065
108383
84578
346
73761
82451
92575
129911
48114
122007
82447
140020
96080
43576
66796
118284
55913
22743
15191
71149
47347
754
3021
142243
10855
68741
91252
151138
80652
106550
3618
141996
20125
149303
59474
126887
136963
652
76041
22193
125467
54495
19710
23381
9885
418
903
120333
50873
41870
141326
21419
19345
138328
80675
4090
81689
60216
93823
108168
74248
81021
146799
96212
2085
35065
38805
15859
12400
63160
79141
94375
31188
45946
12273
139824
1139
93141
25919
31155
115409
94088
48872
52541
135119
5734
74159
81647
54540
124089
83054
86263
64906
121638
2066
12737
118255
62261
144166
127853
45447
117266
126529
18421
116294
128931
34420
114483
94207
95674
27393
95717
136330
84277
104014
150476
133378
111758
10822
137882
21091
17138
2976
51827
147557
29577
10055
79746
6014
103925
33111
52248
151216
15082
27311
78977
97796
137430
116067
137651
70262
126941
51039
151959
123335
137234
87528
116421
36713
65140
61861
77248
6229
81042
74349
42940
90370
56252
65003
51001
59240
8264
75357
41502
38644
28297
148837
52321
101122
74135
99508
23426
18356
126229
42036
103841
9330
139499
137073
141932
131396
108317
100182
137665
38705
7978
51807
69001
111
32903
103526
45606
69445
135068
37224
116257
58672
7071
59382
38829
64491
43526
958
1172
129662
147157
112625
85791
32838
7139
151069
37751
99075
16436
66423
29922
87678
122891
54712
64749
121231
25190
62530
77417
149478
43233
116818
65655
23246
140915
102592
25616
38948
104765
89114
129328
93275
74054
18951
77500
36379
76410
125740
2482
51003
88246
3762
28521
122950
106824
131054
45796
34694
9062
8890
84813
102285
83793
35179
32315
36208
44204
89298
96682
25696
7428
102324
84563
124578
136584
19754
9431
124016
141103
32614
40102
74428
65451
114324
115339
88164
59810
26229
73828
145925
47680
129774
111489
106275
91982
151474
119366
78908
14676
41813
41149
115758
105384
85292
129747
24796
140827
54737
113115
70782
112338
120998
105480
78156
58765
97555
93410
78185
66171
123945
145641
49195
80041
3875
119644
137408
52947
68431
32134
111512
38007
121630
34747
13827
113455
94419
44232
67541
36228
115906
18954
91515
91098
32001
135257
30694
58468
137629
94200
107955
116914
19106
98810
4102
42147
31692
139646
64923
47040
19401
5248
61826
99619
133325
109086
136305
133589
107317
16563
18054
101290
77515
96229
1379
142955
35403
138209
94450
129924
52372
107064
33659
105263
108074
32320
96819
143888
41464
10730
59351
37384
69298
128544
20540
92174
96398
127514
137025
70552
90216
64770
107529
130853
78451
84049
76285
23277
104144
82472
141892
134082
117800
46224
147098
28285
1297
145565
33538
123482
88574
136270
127914
53969
110619
32677
82157
71963
97096
67328
8147
112070
120288
147210
4917
61275
133109
100371
48578
16057
129840
56000
67031
137204
23747
82081
31789
34516
116854
11407
83168
148321
7099
88346
115480
51516
132053
640
114846
5921
4785
133941
72220
34745
3760
87114
25613
24504
18866
20268
4543
96773
52177
137048
71211
25213
132567
107164
116738
130845
24298
60075
35102
12303
60899
31637
7801
131302
104923
97312
148606
107823
32709
142323
100995
53076
7778
35639
43634
56929
66658
18502
65922
101674
124084
62867
85300
147777
100840
46919
88379
12028
103779
45381
75104
42345
88408
10873
71563
4020
4810
59729
92610
19716
127671
102677
120659
32450
43003
7503
101935
65774
101841
74243
24153
78885
374
75674
147617
69360
65841
61902
77280
39062
138376
52647
2375
52091
23718
53494
135291
26100
121936
29986
142932
117585
81799
143102
78054
65481
3588
94828
144591
37266
33490
112565
124159
67768
23682
94110
120131
92585
33567
93006
64268
28478
111086
76382
63145
20772
28379
83231
122756
105090
36916
97403
86501
91287
66204
148919
107997
54290
5640
61284
126945
36134
150792
20780
5204
90770
150339
85397
75474
58036
43939
27563
84837
129991
148700
116803
12110
27508
139058
33603
115664
54616
21755
2533
100974
70282
108719
53591
20041
83244
91761
145318
146755
129634
4038
4776
16008
143540
119112
116144
87980
63536
108481
48867
78419
14792
93895
92124
85731
147833
91260
74777
87825
128158
44812
114205
138536
114664
123185
110156
4833
18539
96993
48720
8139
11234
117345
63433
146413
78834
56523
10115
22835
48662
65732
69830
43679
62377
81662
53189
35129
134330
42439
58840
77706
145921
50856
36880
41604
42317
140778
139374
7452
33934
52934
63693
78147
107147
38981
117480
25714
29281
111020
31628
42598
23988
25097
50196
86369
127124
1662
126633
56954
63166
106479
133563
122781
74313
121564
63222
107014
78467
14055
43587
90691
147738
57882
72551
20823
35256
144507
140739
2339
33529
93736
57393
99777
150390
46868
2659
103251
8504
147195
101551
134851
57607
149863
3995
149719
96833
66476
80396
131580
35212
60134
15155
140695
93626
29663
103403
5028
60340
125025
128732
99749
135423
24727
47652
116988
11579
48489
117632
20246
115690
68868
58979
56746
27535
40232
29975
122028
127553
118223
28584
70228
105502
19530
11261
3882
105510
7979
115119
22727
136638
13994
137790
120163
87954
41145
38670
5691
30306
16550
94635
52888
155
20748
132691
36377
58016
101042
77640
84644
25320
125867
94136
134617
106084
68663
105396
74625
120844
147629
91855
120197
38796
48569
61666
18007
53597
135549
117675
18931
24683
76302
67583
67745
104152
75075
138833
52042
42522
126857
8567
12382
48384
94012
124369
43858
72155
60083
94024
26004
7056
96688
90334
20250
18963
72596
118562
130160
49323
136347
143222
89835
27296
53927
129372
9732
19231
17754
266
122788
129036
142113
42978
103534
134989
136438
123842
151723
101499
128185
143215
48884
142283
26940
58263
5071
100699
78959
101709
81710
88790
100591
28718
33178
148159
102877
53388
97097
44923
30215
10349
140247
53038
58182
23377
111187
5336
130047
61403
98925
3536
91581
81359
28624
4333
138042
8104
126267
134522
44847
19395
58594
91991
33308
63180
80426
82778
100732
7092
80043
29782
118872
112487
58866
43193
74892
97380
147787
86594
117108
45004
23854
53216
28696
63879
98439
130094
18170
17634
42825
58644
96534
51956
126175
81134
134102
51783
753
2026
62827
103055
15141
31092
78348
99242
130351
34632
3044
56398
84051
30326
141173
40470
118363
145890
127359
51737
22798
34579
40349
26083
130926
48713
97803
105028
94033
71787
100787
24765
102376
76756
962
11238
22422
29623
115853
75832
45578
96421
44740
100219
26148
92588
126062
21730
134792
112474
92293
19784
93884
51187
123293
32886
24042
46783
31606
141327
135205
282
91042
57538
25176
63904
8434
112366
84524
119502
59932
60237
146975
145225
87067
48618
25139
124532
148593
28346
107083
133722
125014
17427
134626
25429
116773
142961
15427
89195
51021
141888
101426
32489
30408
98585
67298
54594
84826
106114
71846
131273
148674
3359
116967
14887
82850
37130
18253
106818
18995
80422
62528
29191
32283
110491
25221
105542
3631
119510
60485
6271
14654
10142
23798
44102
79701
46515
13155
2079
136683
89500
59079
106247
13362
88946
9914
129665
126193
17212
2441
76626
76025
76280
37903
118047
99505
83637
45950
65966
137977
48748
147024
5814
29007
119324
100194
117031
55619
76063
84284
90149
48119
89448
83254
129691
140165
72927
48836
27557
128453
92880
144135
10614
107947
104426
37912
51307
46202
39926
106481
75453
53390
64993
127718
17574
49375
125122
106985
89082
80578
66859
57309
93389
142841
35361
40952
82003
49892
103491
11637
114136
108712
38158
41614
61598
112886
116454
107365
93589
20779
50548
123583
130515
55637
148816
45206
88295
69521
121479
118467
121965
11110
50056
39129
139050
63306
35712
142285
149291
104989
69056
76935
9279
84952
83948
26232
124607
139469
7661
60022
79488
4397
13532
87934
18570
58400
100879
100203
63392
42819
106838
35343
97338
120782
18750
98841
63210
115552
115123
90517
49190
42398
116288
125917
105987
95216
78538
115005
99433
144307
143497
119072
47377
151360
109573
79010
97371
95859
128315
25533
137390
44324
80051
148532
129710
122602
87
117288
103551
24186
78262
19214
24618
69096
66899
88269
31430
61323
134945
5296
100240
12482
85004
31823
28063
86351
151126
81793
80621
2477
118547
42754
54081
18305
116674
92350
113481
78651
20322
42244
130165
108097
28782
103135
8789
45643
2574
25210
53505
106352
10627
115128
56653
58792
113551
114250
56370
101737
72583
55312
71076
58023
32646
69642
40714
150221
54015
65382
430
77257
28444
69957
118172
134312
87247
54400
20273
58113
80280
111341
180
120808
136703
49060
77046
146720
104042
113891
92665
85630
63725
83620
121790
105967
11806
2475
29179
142275
26508
81108
121137
25633
60348
92829
46918
33136
94115
40670
94793
96098
3377
139315
19359
133511
89351
140033
52233
61986
135365
7772
74997
95745
68985
125949
143060
87943
33004
64526
19551
17439
78460
106709
22426
49551
36903
131705
12118
88250
15823
147155
96603
23740
139467
10421
59216
65740
32979
142737
138940
98263
116459
50404
32382
58278
60330
46766
129482
55342
40189
76725
10084
11943
22770
17580
127701
19461
127874
63981
123424
34642
144498
38849
116191
87351
15083
13162
59050
59731
68920
74984
34204
52886
70608
32468
44226
29230
54894
39469
18369
60955
56631
9563
55336
89991
33807
149666
7174
62482
136379
39964
30921
12385
88772
16298
42543
95005
144797
39169
128844
89935
67816
143134
56057
152127
53480
87289
19817
145657
120154
30640
133257
40697
100947
145853
96823
875
124083
140250
29065
49419
83762
14543
40360
130595
1933
14142
126295
120302
7792
103432
8514
22248
57178
50172
81753
70034
103350
48050
122283
83613
71579
101721
338
82408
92489
87670
47283
62156
122569
123177
72301
150683
92387
138303
73625
99161
131688
142793
120824
7921
50178
44502
47444
103429
79115
14590
57487
47667
109469
105557
59786
48837
55115
96786
75678
53290
16381
96034
84241
77862
124655
56904
58117
33958
28418
80389
147894
144633
57184
5646
50887
2324
40174
19725
37529
121750
91300
83592
108492
112452
122951
123473
151397
149228
143367
118790
41130
78533
52533
44159
42128
104380
121897
128666
92386
104374
144563
43176
67343
98521
125190
70588
80914
63642
37426
111153
111015
125580
23026
143316
21033
121370
93726
118698
120561
51812
14681
17697
55479
98866
133040
96775
102960
29073
107696
45605
75202
61828
62464
22032
112904
14750
132797
44045
150685
94842
21274
113866
13383
137636
10885
100415
113721
83086
9960
9206
80361
61215
22741
59113
55372
144933
20389
56334
91022
20207
110106
96865
4081
83537
17437
56193
25786
56739
148823
10030
9009
124724
75087
144235
141380
132363
132730
75894
116371
116283
73860
134364
136783
125203
109812
71153
50020
63359
11718
67052
8616
136138
98511
122357
16023
136836
127034
67537
142721
25886
75054
93830
114212
127391
101690
53177
118765
22677
72181
95962
130749
16559
41740
54900
54896
23170
91078
60504
4167
122935
86197
9132
102703
52694
110147
32997
61446
130648
25543
145264
122934
13125
75211
14742
132090
69502
112306
120090
29580
98671
63120
39360
117641
95951
108807
44991
57807
64254
50410
62704
127340
131798
6184
26098
140993
110187
60013
46353
108410
29592
111671
27192
59449
137052
112025
62126
7048
150610
60729
140006
91377
99615
96188
84689
21364
129140
145945
70954
22742
49447
8979
142714
125335
145367
71162
129130
40676
101046
83198
86367
37156
62684
108402
33442
32093
48990
135779
123587
105322
121517
116532
89685
59108
23002
144544
150104
95245
137441
3477
107741
105260
126376
90751
130086
99936
13378
117267
127343
127312
133033
13600
141493
49864
61171
146178
143723
71020
29989
1734
33084
128360
113278
150130
58114
76816
31215
140395
26456
93703
1498
16991
51126
12867
15589
141464
63179
144890
41831
102502
44924
98502
48868
98582
40116
26008
97293
95996
1811
145155
109647
88287
89464
122438
102688
95667
5450
50434
55150
86852
76079
140653
25958
18337
34567
10418
